# Created by Octave 6.4.0, Tue Aug 15 11:38:29 2023 +0545 <nabin@nabin>
# name: B
# type: matrix
# rows: 4
# columns: 4
 -0.039800565885009978 0.84418572852111495 0.40117862764848139 -0.3533016833169475
 -0.74183989721052268 -0.056642355664220573 0.46670379468762013 0.47817651393148219
 0.65609337173288018 -0.1180360038993203 0.64400303862129349 0.37532529304351558
 -0.1327816607446049 -0.51981689188555813 0.45442641097189446 -0.71109497712439595


# name: BD
# type: matrix
# rows: 4
# columns: 4
 -0.0097885319046962169 0.34937054055502076 0.22987694655563126 -0.21220796524990626
 -0.1824477451652681 -0.023441725852658159 0.26742312744217411 0.28721308118043076
 0.16135928620265652 -0.048849798206732666 0.36901629819753834 0.22543627869482233
 -0.032656257358557615 -0.21512885419875441 0.26038813782469183 -0.42711378213169754


# name: C
# type: matrix
# rows: 4
# columns: 4
 0.22003122103780254 -0.0058784444338865292 0.018342814936969806 0.075654149415447527
 -0.0058784444338865292 0.18784317731895192 0.13513722640327808 -0.042037803071019897
 0.018342814936969806 0.13513722640327808 0.21541766611585372 0.0050401358302049381
 0.075654149415447527 -0.042037803071019897 0.0050401358302049381 0.29757502026019128


# name: N
# type: scalar
4


# name: ans
# type: scalar
0


# name: arpos
# type: matrix
# rows: 4
# columns: 4
 -0.040444671835100393 0.56324720834743125 0.48268953216055899 -0.1890239874577441
 0.34157512722121125 -0.39359175112843414 0.24091471954025484 -0.047549809247622456
 0.0058395113800723958 -0.068784067576521418 -0.21534046944933222 -0.4628944670685014
 0.12576308941773803 -0.071282343871066176 -0.48654569242092921 0.051074526677915587


# name: arrEqualFunvals
# type: range
# base, length, increment
0 14 0


# name: arx
# type: matrix
# rows: 4
# columns: 9
 2.6566233997383399 2.8930834538784183 2.7836747984216061 2.5269011401330492 2.8442194601352195 2.5352135015320818 2.4367771557704425 2.7894489861657252 2.6566234157650741
 10.30101122825617 9.9492972649837803 11.109137238349632 10.395228570903676 10.334170832349995 10.580662767728038 10.159196458745576 10.399161166739766 10.301011260823477
 4.3845802468820434 3.9381191895337393 4.5614549397797983 3.9833837287785334 3.849222247080653 4.6894231527571373 3.6990630373896196 4.158658190385597 4.3845802713706465
 -0.76406703488270122 -0.27648978802211793 -0.29341707769089348 -0.15696763600503844 -0.52837671706224543 -0.2043759683059273 -0.2022715925633326 0.60082220313296064 -0.76406705278659681


# name: arxvalid
# type: matrix
# rows: 4
# columns: 9
 2.6566233997383399 2.8930834538784183 2.7836747984216061 2.5269011401330492 2.8442194601352195 2.5352135015320818 2.4367771557704425 2.7894489861657252 2.6566234157650741
 10 9.9492972649837803 10 10 10 10 10 10 10
 4.3845802468820434 3.9381191895337393 4.5614549397797983 3.9833837287785334 3.849222247080653 4.6894231527571373 3.6990630373896196 4.158658190385597 4.3845802713706465
 0 0 0 0 0 0 0 0.60082220313296064 0


# name: arz
# type: matrix
# rows: 4
# columns: 9
 1.49242812298706 0.92064876564660436 -2.2863766940823327 -1.0895406920623987 -1.2233282374035104 1.0121988471338439 -1.0242161533896827 -1.03057610076199 -0.56080614364418147
 1.3010634355587947 1.2842579331669111 0.51676105374562309 -0.28677273424983535 1.5771305028156362 -0.40098879186631686 -0.35772909514014267 -1.0284270502389272 0.75460202734076587
 0.58902683379700072 -0.19140090753379732 2.6348179170556327 0.35640676235666563 -0.065236329335608439 1.9922083017511123 -0.66489505228826062 1.5853397208971989 0.9350801019563646
 1.3372952255680544 -0.5576586872240018 1.1188736591889799 0.071808359073371436 0.31677319917188157 0.80618449600905906 -0.14660300850416746 -1.6503184857013384 0.65338551775827736


# name: bestever
# type: scalar struct
# ndims: 2
 1 1
# length: 3
# name: x
# type: matrix
# rows: 4
# columns: 1
 529.09993429319741
 20
 118.42153335845452
 0.5


# name: f
# type: scalar
-0.55014180137282109


# name: evals
# type: scalar
289




# name: bnd
# type: scalar struct
# ndims: 2
 1 1
# length: 11
# name: isactive
# type: bool
1


# name: weights
# type: matrix
# rows: 4
# columns: 1
 0.0095753406793552039
 0.011631905897587332
 0.0080035989364205876
 0.011216296711263325


# name: flgscale
# type: scalar
0


# name: scale
# type: matrix
# rows: 4
# columns: 1
 1
 1
 1
 1


# name: isbounded
# type: matrix
# rows: 4
# columns: 1
 1
 1
 1
 1


# name: dfithist
# type: matrix
# rows: 1
# columns: 22
 0.023089899536501042 0.31421485968451146 0.028298054347181915 0.060104246450727927 0.028547540752633566 0.024838982319442128 0.037610622046538984 0.039343809496654246 0.013191162091229948 0.012569766618825284 0.037335378709803267 0.021229903611872183 0.0055629156137570086 0.042343393201657246 0.044023193832067022 0.020695716075208065 0.029875057282366561 0.026502244097390926 0.013227202265094806 0.030112332238953047 0.012292177240210089 0.061605293056908213


# name: aridxpoints
# type: matrix
# rows: 0
# columns: 0


# name: arfitness
# type: matrix
# rows: 0
# columns: 0


# name: validfitval
# type: scalar
1


# name: iniphase
# type: scalar
0


# name: arpenalty
# type: matrix
# rows: 1
# columns: 9
 0.0076019973855266168 0.0008574477804759817 0.015275052121167459 0.0020933256364923073 0.0044303242656682489 0.0043904204995210139 0.0007536946407580979 0.0018533073446652011 0.0076019979204575532




# name: cc
# type: scalar
0.5


# name: ccov1
# type: scalar
0.065167427382282678


# name: ccovmu
# type: scalar
0.051023999832594459


# name: chiN
# type: scalar
1.8809523809523809


# name: cmaVersion
# type: sq_string
# elements: 1
# length: 9
3.61.beta


# name: cmean
# type: scalar
1


# name: counteval
# type: scalar
308


# name: countevalNaN
# type: scalar
0


# name: countiter
# type: scalar
34


# name: cs
# type: scalar
0.47917636842350902


# name: damps
# type: scalar
1.4791763684235091


# name: dd
# type: matrix
# rows: 4
# columns: 1
 1.032717919949232
 0.85012946255351429
 1.2355224178201283
 0.88163019967712553


# name: defopts
# type: scalar struct
# ndims: 2
 1 1
# length: 43
# name: insigma
# type: sq_string
# elements: 1
# length: 100
[] % when left empty, it defaults to the standard deviation of xstart if all(size(xstart) > 1) or to


# name: StopFitness
# type: sq_string
# elements: 1
# length: 50
-Inf % stop if f(xmin) < stopfitness, minimization


# name: MaxFunEvals
# type: sq_string
# elements: 1
# length: 31
300  % maximal number of fevals


# name: MaxIter
# type: sq_string
# elements: 1
# length: 56
1e3*(N+5)^2/sqrt(popsize) % maximal number of iterations


# name: StopFunEvals
# type: sq_string
# elements: 1
# length: 57
Inf  % stop after resp. evaluation, possibly resume later


# name: StopIter
# type: sq_string
# elements: 1
# length: 56
Inf  % stop after resp. iteration, possibly resume later


# name: TolX
# type: sq_string
# elements: 1
# length: 50
1e-11*max(insigma) % stop if x-change smaller TolX


# name: TolUpX
# type: sq_string
# elements: 1
# length: 50
1e3*max(insigma) % stop if x-changes larger TolUpX


# name: TolFun
# type: sq_string
# elements: 1
# length: 42
1e-12 % stop if fun-changes smaller TolFun


# name: TolHistFun
# type: sq_string
# elements: 1
# length: 51
1e-13 % stop if back fun-changes smaller TolHistFun


# name: StopOnStagnation
# type: sq_string
# elements: 1
# length: 49
on  % stop when fitness stagnates for a long time


# name: StopOnWarnings
# type: sq_string
# elements: 1
# length: 38
yes  % 'no'=='off'==0, 'on'=='yes'==1 


# name: StopOnEqualFunctionValues
# type: sq_string
# elements: 1
# length: 31
2 + N/3  % number of iterations


# name: DiffMaxChange
# type: sq_string
# elements: 1
# length: 52
Inf  % maximal variable change(s), can be Nx1-vector


# name: DiffMinChange
# type: sq_string
# elements: 1
# length: 52
0    % minimal variable change(s), can be Nx1-vector


